,SalePrice
0,149779.81
1,124825.76
2,187839.67
3,183906.89
4,174189.38
5,174802.27
6,153729.67
7,173397.02
8,138544.17
9,194008.64
10,105554.21
11,108917.79
12,154488.34
13,105612.82
14,298153.9
15,224877.52
16,257308.42
17,250712.89
18,498556.12
19,318400.8
20,178038.14
21,161671.19
22,155042.75
23,135671.11
24,177267.73
25,350751.56
26,235703.2
27,178509.52
28,222074.67
29,181322.94
30,120322.61
31,165092.47
32,241857.6
33,297376.25
34,211498.48
35,179771.39
36,140833.02
37,139446.05
38,143500.78
39,280635.62
40,223634.27
41,226348.4
42,303856.25
43,163117.77
44,175757.11
45,151450.12
46,216347.86
47,217487.23
48,152417.28
49,141618.33
50,199083.8
51,216123.83
52,147408.92
53,184611.5
54,130554.35
55,123721.85
56,116790.01
57,124156.2
58,124420.04
59,140739.95
60,149790.45
61,187068.11
62,148979.14
63,166084.61
64,122465.25
65,155952.7
66,128869.34
67,146125.52
68,189870.6
69,162456.4
70,159821.83
71,97321.83
72,109255.8
73,131419.28
74,138462.98
75,139105.05
76,135282.52
77,161502.94
78,127328.305
79,164445.31
80,107068.51
81,190681.3
82,104783.16
83,101613.07
84,175653.17
85,123946.89
86,122408.76
87,159061.78
88,109270.84
89,160663.55
90,128082.09
91,108066.59
92,152568.23
93,214510.2
94,246009.89
95,283078.7
96,168413.38
97,155065.02
98,142166.7
99,143873.53
100,125410.266
101,342329.72
102,230557.42
103,70292.81
104,98794.914
105,145744.77
106,136131.44
107,129355.52
108,132606.27
109,204721.42
110,226321.39
111,153436.33
112,153875.78
113,166012.8
114,84301.07
115,145614.64
116,97459.21
117,242155.36
118,232078.05
119,168882.44
120,188797.67
121,158020.44
122,132331.4
123,150683.86
124,184823.31
125,124826.08
126,102234.24
127,117068.5
128,139595.58
129,218298.7
130,149588.98
131,137183.3
132,201631.2
133,253826.14
134,132275.81
135,198950.69
136,182801.22
137,140617.27
138,354460.2
139,187632.77
140,213826.31
141,134130.83
142,173772.42
143,146850.2
144,243462.2
145,198682.11
146,174573.33
147,194795.84
148,153392.23
149,155668.89
150,136904.48
151,133598.55
152,99980.48
153,101996.23
154,154547.61
155,138342.66
156,150854.33
157,154568.06
158,152901.38
159,118204.56
160,393845.62
161,353099.84
162,353049.03
163,460371.9
164,270325.06
165,316227.72
166,347321.44
167,299068.5
168,236363.28
169,298649.38
170,285919.16
171,434239.3
172,270306.3
173,250914.27
174,185591.56
175,193706.33
176,180513.83
177,477845.28
178,358913.44
179,285549.06
180,198355.78
181,288094.5
182,182473.6
183,151767.2
184,151964.0
185,152099.48
186,128912.86
187,172707.88
188,174326.67
189,129837.92
190,159770.02
191,126993.14
192,127678.734
193,354936.56
194,231190.38
195,264374.66
196,228510.83
197,284364.12
198,193668.73
199,430231.38
200,200372.02
201,252304.47
202,204178.98
203,228960.52
204,240211.86
205,271253.53
206,201301.97
207,182185.3
208,174391.27
209,151309.1
210,188801.7
211,208218.36
212,168296.77
213,157781.0
214,212081.83
215,229621.27
216,176784.94
217,172555.06
218,161492.11
219,144801.48
220,134620.06
221,116489.47
222,314626.7
223,155203.38
224,152477.34
225,200730.89
226,190804.47
227,256329.86
228,167436.11
229,149283.89
230,116473.45
231,192089.73
232,239002.61
233,130290.875
234,114546.39
235,176734.45
236,175495.66
237,163628.17
238,126523.75
239,198770.36
240,215385.08
241,250717.38
242,147603.2
243,131221.88
244,135994.17
245,161272.94
246,146264.88
247,230682.53
248,129169.836
249,133148.69
250,109266.36
251,127082.234
252,113783.71
253,145920.5
254,139592.84
255,110527.53
256,156087.06
257,96385.95
258,125936.89
259,116123.234
260,151386.77
261,121730.23
262,101805.07
263,299614.78
264,171097.44
265,137560.48
266,130600.0
267,135885.31
268,101623.09
269,173813.02
270,121565.67
271,107911.56
272,114041.09
273,163446.12
274,133368.52
275,175615.83
276,142472.53
277,129424.27
278,122176.3
279,167686.89
280,124556.164
281,153275.72
282,132672.75
283,101567.28
284,68988.89
285,94892.05
286,152267.14
287,194090.52
288,124035.75
289,95114.375
290,145577.17
291,132293.92
292,109098.664
293,111913.85
294,151612.55
295,183508.78
296,173290.58
297,146229.28
298,145045.81
299,156519.22
300,121380.52
301,85178.09
302,110762.08
303,172180.28
304,145976.7
305,152386.2
306,130642.51
307,148903.66
308,134841.81
309,134066.27
310,147138.53
311,135145.84
312,199863.61
313,150679.67
314,167355.39
315,109327.28
316,176770.14
317,108535.08
318,302592.7
319,299862.75
320,232804.17
321,294598.16
322,188339.58
323,210856.45
324,224365.33
325,153198.92
326,139895.45
327,197431.3
328,195586.77
329,210143.33
330,207617.78
331,129189.445
332,320010.75
333,217376.8
334,198259.23
335,273693.62
336,151247.92
337,162357.55
338,123753.234
339,115515.664
340,132371.86
341,156654.64
342,131230.52
343,129850.766
344,124734.2
345,120926.016
346,126274.11
347,156060.11
348,169912.22
349,140524.53
350,188389.61
351,153553.31
352,207555.53
353,116680.555
354,131213.78
355,127066.29
356,190920.11
357,82366.03
358,240247.23
359,86501.97
360,224456.56
361,133677.86
362,165330.23
363,205395.11
364,363201.3
365,280909.2
366,212661.78
367,201834.67
368,357522.47
369,138933.47
370,167056.14
371,117950.92
372,116903.54
373,143467.77
374,143777.4
375,178282.31
376,171990.67
377,160156.31
378,179783.48
379,168036.84
380,210842.2
381,173533.89
382,172200.42
383,158220.92
384,278800.7
385,302598.7
386,245286.23
387,232191.14
388,283691.5
389,224165.73
390,168036.75
391,186302.02
392,144942.55
393,178936.02
394,180358.58
395,120039.07
396,131257.89
397,103429.09
398,118699.664
399,119182.47
400,143797.11
401,140112.52
402,279499.2
403,356469.06
404,334896.75
405,410446.56
406,435027.62
407,353203.88
408,220445.47
409,300252.6
410,452703.4
411,264337.75
412,367559.44
413,345471.03
414,285720.47
415,173043.1
416,319069.47
417,183160.94
418,176992.88
419,158611.48
420,153160.89
421,156829.61
422,184601.16
423,199293.9
424,240152.3
425,171360.02
426,259867.39
427,356520.94
428,237350.55
429,231247.03
430,225678.98
431,244646.92
432,260506.14
433,192904.4
434,231825.4
435,180809.75
436,176116.95
437,182362.28
438,150769.1
439,172815.98
440,184763.88
441,169334.89
442,186051.95
443,187077.02
444,136614.4
445,128490.8
446,119635.58
447,109955.41
448,177800.98
449,166048.7
450,359808.88
451,166081.3
452,140362.64
453,152123.16
454,154641.95
455,203203.08
456,224705.75
457,143649.3
458,197902.16
459,176635.33
460,180429.3
461,216912.14
462,165306.53
463,202444.86
464,216947.23
465,191942.67
466,158158.64
467,141771.3
468,209711.89
469,87195.48
470,145648.8
471,92680.61
472,172496.64
473,130530.77
474,133236.92
475,240504.08
476,148219.02
477,184427.2
478,207597.61
479,141298.53
480,108005.445
481,157087.31
482,165832.11
483,118917.914
484,212689.42
485,85293.47
486,116375.75
487,102965.695
488,216616.67
489,138328.3
490,147127.48
491,130337.08
492,159580.78
493,129216.81
494,153715.25
495,114390.72
496,131299.48
497,154363.86
498,109313.49
499,126829.0
500,111312.836
501,134533.69
502,136675.52
503,91251.734
504,119877.82
505,160081.1
506,138620.84
507,170808.69
508,86903.74
509,193113.77
510,73441.59
511,156210.86
512,141746.17
513,95867.67
514,175955.89
515,118050.65
516,255739.84
517,123893.4
518,119387.71
519,136614.1
520,119650.88
521,118076.3
522,153849.2
523,116662.97
524,171645.42
525,125197.68
526,103829.234
527,111755.5
528,139169.64
529,174088.98
530,201071.02
531,190360.11
532,151126.4
533,156615.2
534,136935.16
535,132274.75
536,130978.51
537,111014.836
538,118395.3
539,147866.33
540,131891.33
541,145649.02
542,129117.27
543,153675.7
544,145848.08
545,190631.08
546,110889.72
547,202912.86
548,144765.44
549,251596.08
550,176853.3
551,151156.52
552,238062.9
553,449907.06
554,303157.0
555,146087.77
556,179135.98
557,176194.38
558,148249.89
559,239339.73
560,190808.02
561,277785.9
562,178947.83
563,219794.39
564,181520.48
565,143372.77
566,128761.8
567,145329.39
568,145032.44
569,115947.5
570,106783.53
571,117038.04
572,143578.72
573,178277.5
574,139568.14
575,144938.5
576,137143.55
577,149411.45
578,170933.6
579,204233.55
580,219444.33
581,120319.914
582,104393.42
583,111571.6
584,148807.44
585,107769.37
586,189733.9
587,90859.766
588,106694.64
589,94573.16
590,94581.74
591,245043.7
592,238776.64
593,139085.45
594,252854.66
595,191525.69
596,237814.08
597,214516.25
598,131529.3
599,185641.08
600,171387.92
601,180249.08
602,202314.42
603,267041.44
604,368070.0
605,214257.06
606,161930.02
607,188892.05
608,128873.914
609,114002.14
610,109944.234
611,117476.05
612,112816.03
613,132330.83
614,213061.44
615,125810.38
616,158305.42
617,216992.8
618,151137.83
619,164217.38
620,166881.52
621,304790.84
622,462607.03
623,204132.05
624,228209.1
625,392902.7
626,306231.44
627,172214.05
628,230108.64
629,209121.2
630,169198.58
631,190416.98
632,191982.89
633,179683.05
634,195938.52
635,163775.77
636,126860.14
637,180101.36
638,182083.02
639,111288.14
640,114806.37
641,138877.27
642,129432.61
643,288028.72
644,250762.38
645,365736.72
646,420076.12
647,274903.06
648,358944.62
649,436198.28
650,351593.16
651,448570.88
652,289885.47
653,260897.89
654,278833.94
655,377981.84
656,342624.12
657,271232.47
658,224452.58
659,230847.73
660,192157.33
661,194312.8
662,185278.27
663,214858.78
664,229874.77
665,175789.61
666,192234.8
667,160120.3
668,158063.27
669,157801.16
670,165156.67
671,158452.77
672,158257.08
673,151003.7
674,155105.16
675,158602.98
676,143366.62
677,133162.4
678,193647.36
679,185576.88
680,175449.67
681,187608.94
682,377504.8
683,366437.06
684,330257.56
685,247926.97
686,241471.8
687,359794.0
688,194573.19
689,268324.78
690,198219.36
691,375662.62
692,204223.12
693,221976.47
694,213021.31
695,229799.05
696,186722.34
697,189649.95
698,201115.16
699,167926.48
700,220857.55
701,229143.14
702,288174.84
703,155528.81
704,191699.06
705,131649.27
706,120918.96
707,162526.28
708,147452.02
709,165910.19
710,193237.14
711,153072.16
712,198300.83
713,194603.86
714,151243.92
715,156285.81
716,200042.73
717,325349.34
718,184424.16
719,336931.72
720,295776.2
721,140059.03
722,270068.53
723,196843.81
724,182772.23
725,206100.47
726,241561.6
727,151944.05
728,143907.62
729,133492.17
730,133952.9
731,160315.11
732,113732.49
733,153041.14
734,143931.17
735,217457.7
736,141691.47
737,113150.35
738,139190.55
739,212749.64
740,169120.28
741,129882.22
742,129537.375
743,165409.52
744,135985.05
745,182280.08
746,123652.22
747,168291.27
748,143917.27
749,132119.69
750,190266.23
751,132119.02
752,130833.84
753,123551.51
754,165042.77
755,130397.65
756,171808.03
757,317521.34
758,171642.73
759,167710.06
760,112854.78
761,127033.945
762,140839.61
763,148242.78
764,148511.33
765,165056.11
766,83312.89
767,115191.03
768,116981.41
769,123103.72
770,137436.7
771,129607.77
772,107679.55
773,122540.72
774,142110.05
775,108908.914
776,156260.02
777,149664.42
778,126988.95
779,180205.88
780,131753.98
781,212047.23
782,87754.65
783,110297.33
784,126573.64
785,149268.9
786,113816.79
787,117464.234
788,99667.58
789,121836.71
790,133444.58
791,131711.0
792,217974.78
793,145720.17
794,144157.8
795,106092.54
796,118098.625
797,218701.73
798,184147.98
799,217997.2
800,139659.1
801,144678.98
802,233348.64
803,124436.99
804,138130.77
805,180774.86
806,138808.67
807,141170.2
808,132174.5
809,115636.375
810,154564.52
811,256572.16
812,126026.48
813,139773.75
814,147192.75
815,117430.75
816,233208.69
817,173618.08
818,118093.945
819,131694.22
820,151046.08
821,151626.9
822,134680.8
823,151340.66
824,195798.47
825,252659.56
826,307587.6
827,251493.34
828,223899.64
829,208480.33
830,170664.45
831,200325.83
832,184071.44
833,153847.25
834,137430.64
835,143394.52
836,216564.33
837,195556.61
838,181836.17
839,129914.58
840,136272.7
841,145813.4
842,158635.95
843,120504.09
844,131831.77
845,137389.88
846,130651.9
847,214987.48
848,196588.64
849,192471.23
850,190839.33
851,161416.55
852,167399.14
853,163402.22
854,160386.55
855,155843.3
856,140639.89
857,146807.3
858,156972.2
859,162813.28
860,147189.98
861,157400.94
862,471473.72
863,124493.73
864,130672.21
865,102252.9
866,103270.81
867,135868.23
868,151901.83
869,119012.555
870,106832.61
871,126746.42
872,122861.58
873,162401.02
874,109680.61
875,152364.86
876,149463.48
877,119862.8
878,146769.89
879,188334.3
880,151461.14
881,87231.2
882,71552.41
883,204712.55
884,118801.91
885,243518.22
886,204723.78
887,217939.77
888,148820.3
889,210428.75
890,200902.23
891,206173.34
892,167606.7
893,325520.84
894,281827.7
895,207401.88
896,133358.36
897,104182.266
898,103143.47
899,162473.1
900,240651.84
901,172653.69
902,193544.38
903,123761.25
904,122241.28
905,141439.23
906,239741.94
907,173800.67
908,191450.47
909,221505.31
910,297998.44
911,314333.06
912,161482.14
913,361238.12
914,403859.56
915,277724.34
916,383544.12
917,338012.56
918,246924.11
919,336275.7
920,207983.7
921,255841.55
922,176123.86
923,164081.61
924,132133.98
925,204701.89
926,115659.266
927,145074.55
928,103068.234
929,99683.484
930,117578.27
931,152456.08
932,125244.61
933,128111.09
934,152619.86
935,355417.5
936,232180.02
937,245041.38
938,375162.8
939,260643.92
940,286630.12
941,254649.55
942,309568.6
943,315739.94
944,311147.38
945,217592.36
946,303423.84
947,240428.06
948,149673.3
949,156223.56
950,165383.69
951,251343.0
952,157901.83
953,165727.62
954,147221.64
955,169070.39
956,265519.72
957,265358.47
958,319147.44
959,362386.0
960,238497.02
961,191682.92
962,173412.55
963,405315.03
964,186917.31
965,194119.11
966,184025.58
967,168074.61
968,215567.11
969,174632.73
970,188058.31
971,159492.44
972,143134.12
973,126944.69
974,125971.91
975,303369.88
976,362768.34
977,172608.8
978,135161.27
979,182903.05
980,221929.08
981,173331.3
982,175570.89
983,145658.95
984,182604.1
985,145003.17
986,123242.29
987,159770.98
988,151738.86
989,138662.05
990,148359.02
991,114584.92
992,126488.2
993,160450.22
994,149212.27
995,141475.08
996,153828.8
997,111529.51
998,134686.83
999,154274.61
1000,155086.08
1001,150851.56
1002,133636.8
1003,139036.38
1004,126741.73
1005,124825.43
1006,136558.2
1007,131518.69
1008,127098.17
1009,182088.55
1010,182434.77
1011,424551.06
1012,155952.7
1013,102045.516
1014,120564.16
1015,88162.97
1016,143323.9
1017,193823.23
1018,154716.11
1019,155814.78
1020,215872.11
1021,126971.48
1022,164255.58
1023,93124.93
1024,144253.34
1025,147153.6
1026,116484.58
1027,179425.12
1028,153606.45
1029,152998.81
1030,144368.92
1031,152387.3
1032,102290.81
1033,187477.11
1034,117538.234
1035,101794.62
1036,114825.07
1037,124414.64
1038,139313.98
1039,134518.11
1040,79313.516
1041,130500.55
1042,105003.8
1043,223627.66
1044,121329.27
1045,158357.9
1046,120931.95
1047,117368.56
1048,104100.23
1049,266985.22
1050,144949.98
1051,124165.52
1052,114119.484
1053,139048.67
1054,248755.7
1055,106468.57
1056,80382.375
1057,106831.47
1058,136713.1
1059,123300.25
1060,137918.27
1061,249480.78
1062,144973.56
1063,131289.78
1064,161593.36
1065,125257.94
1066,200455.38
1067,464870.25
1068,214196.3
1069,140376.08
1070,128490.55
1071,156664.8
1072,266618.1
1073,201058.98
1074,232003.77
1075,176564.53
1076,252681.39
1077,256670.88
1078,204533.84
1079,212615.47
1080,187438.27
1081,184817.89
1082,143408.2
1083,179334.78
1084,189978.19
1085,216333.05
1086,151343.02
1087,172248.61
1088,114655.93
1089,195298.33
1090,197385.67
1091,270377.0
1092,226950.06
1093,238448.42
1094,129573.87
1095,190849.23
1096,189987.75
1097,178593.7
1098,184191.95
1099,150903.47
1100,157041.1
1101,191219.88
1102,247523.36
1103,126068.33
1104,167480.25
1105,104933.375
1106,134071.78
1107,156503.8
1108,167511.77
1109,75190.1
1110,125361.07
1111,155140.1
1112,142027.34
1113,145885.66
1114,123505.28
1115,134994.02
1116,154992.9
1117,127455.62
1118,128194.12
1119,170225.0
1120,175731.1
1121,163995.45
1122,164759.66
1123,242625.98
1124,121549.336
1125,140880.3
1126,93474.84
1127,169445.1
1128,257903.83
1129,245684.78
1130,216294.52
1131,210736.83
1132,195716.95
1133,158388.0
1134,286769.8
1135,315712.25
1136,104302.31
1137,214450.11
1138,109677.516
1139,123964.805
1140,104567.375
1141,153405.83
1142,108446.73
1143,108058.31
1144,188828.75
1145,232623.12
