,SalePrice
1461,245530.77
1462,337354.0
1463,324057.3
1464,366814.84
1465,422976.22
1466,372278.5
1467,322141.5
1468,351923.75
1469,384075.38
1470,198595.14
1471,383646.84
1472,300715.44
1473,266528.3
1474,350959.56
1475,329974.53
1476,581327.44
1477,451258.66
1478,513192.53
1479,481040.88
1480,620108.6
1481,526892.7
1482,432617.97
1483,336818.34
1484,363077.8
1485,387610.7
1486,426070.47
1487,550997.0
1488,456722.28
1489,370898.34
1490,352245.12
1491,418142.84
1492,257957.88
1493,355030.53
1494,537498.56
1495,524214.4
1496,399823.53
1497,420392.56
1498,368970.0
1499,368970.0
1500,327390.88
1501,356958.88
1502,356114.34
1503,437760.22
1504,483826.28
1505,400252.06
1506,390919.2
1507,462268.0
1508,397561.28
1509,371207.2
1510,281526.56
1511,279062.56
1512,311308.8
1513,385134.16
1514,334663.22
1515,413189.78
1516,361672.6
1517,315820.8
1518,321379.06
1519,398966.5
1520,271991.97
1521,278741.2
1522,364243.72
1523,247339.45
1524,263528.66
1525,253672.67
1526,255386.75
1527,209629.56
1528,326105.3
1529,275420.12
1530,344424.62
1531,301654.53
1532,249815.97
1533,293846.56
1534,328997.84
1535,324485.84
1536,282919.25
1537,102367.01
1538,453615.5
1539,528821.0
1540,391228.06
1541,352459.38
1542,322236.1
1543,461959.16
1544,186060.88
1545,316249.34
1546,323105.66
1547,305202.38
1548,346674.34
1549,260957.53
1550,314094.2
1551,309393.0
1552,314295.9
1553,362101.12
1554,336818.34
1555,328985.3
1556,280669.53
1557,298667.4
1558,293430.56
1559,305939.75
1560,329520.97
1561,300368.97
1562,245102.23
1563,242102.6
1564,296631.94
1565,303809.7
1566,399287.88
1567,185096.7
1568,407203.0
1569,231150.23
1570,310035.78
1571,268122.75
1572,275098.75
1573,401966.16
1574,288597.16
1575,393931.38
1576,388026.66
1577,371326.88
1578,349781.12
1579,252922.75
1580,421678.12
1581,259457.7
1582,243388.16
1583,497753.22
1584,465173.06
1585,285824.3
1586,127233.78
1587,255815.28
1588,277669.88
1589,224092.16
1590,312392.62
1591,206951.3
1592,288382.9
1593,286681.34
1594,388001.6
1595,328021.12
1596,468922.62
1597,382764.75
1598,417392.9
1599,396622.16
1600,413441.62
1601,71084.945
1602,313571.06
1603,206094.27
1604,462185.94
1605,491111.12
1606,332640.28
1607,414380.75
1608,384611.03
1609,370469.8
1610,304238.2
1611,284954.72
1612,302738.38
1613,293525.16
1614,250780.16
1615,221092.52
1616,221092.52
1617,221092.52
1618,243173.89
1619,238781.55
1620,410083.0
1621,286026.03
1622,307987.75
1623,479005.4
1624,387491.03
1625,289466.75
1626,348602.7
1627,367243.38
1628,530428.0
1629,414821.78
1630,556032.1
1631,444188.03
1632,471613.4
1633,388467.72
1634,370243.03
1635,357387.38
1636,322462.88
1637,356732.06
1638,460030.8
1639,373992.6
1640,526773.0
1641,377849.28
1642,442247.16
1643,486611.66
1644,479862.44
1645,323200.28
1646,314535.25
1647,368220.1
1648,275955.78
1649,262028.84
1650,196666.78
1651,196666.78
1652,300715.44
1653,300715.44
1654,360815.56
1655,353436.1
1656,350959.56
1657,360815.56
1658,350959.56
1659,329974.53
1660,269527.97
1661,628250.5
1662,619465.8
1663,547688.5
1664,663187.56
1665,517263.47
1666,476755.66
1667,555817.9
1668,518013.38
1669,495301.75
1670,524976.9
1671,428963.0
1672,593968.8
1673,542962.25
1674,457900.72
1675,340460.78
1676,334890.0
1677,385896.6
1678,643689.8
1679,521536.16
1680,533118.75
1681,487266.97
1682,469256.53
1683,390931.72
1684,396395.38
1685,354602.0
1686,371112.6
1687,387610.7
1688,415036.06
1689,411179.34
1690,399930.66
1691,384182.5
1692,500538.6
1693,387610.7
1694,357173.12
1695,393609.97
1696,488098.97
1697,393609.97
1698,573708.6
1699,506859.3
1700,461209.22
1701,524964.3
1702,467542.47
1703,463471.5
1704,468185.25
1705,439260.03
1706,598039.75
1707,394252.75
1708,390610.3
1709,495194.62
1710,440974.12
1711,478148.38
1712,482540.72
1713,418464.22
1714,406787.0
1715,417500.06
1716,370898.34
1717,362649.3
1718,319034.72
1719,434533.78
1720,447830.47
1721,359756.78
1722,268885.2
1723,268885.2
1724,395752.6
1725,467744.2
1726,380313.28
1727,337675.4
1728,405394.3
1729,344960.25
1730,396597.1
1731,254529.72
1732,242102.6
1733,242102.6
1734,258814.92
1735,247244.84
1736,247244.84
1737,501609.9
1738,428427.34
1739,562340.3
1740,379884.75
1741,329533.5
1742,356958.88
1743,395966.84
1744,467328.2
1745,426820.38
1746,553568.1
1747,461852.03
1748,477801.9
1749,292668.12
1750,325248.28
1751,485527.8
1752,242102.6
1753,317522.38
1754,461209.22
1755,336389.84
1756,199880.7
1757,242102.6
1758,250017.7
1759,334663.22
1760,290204.12
1761,287954.38
1762,378800.94
1763,363815.22
1764,252387.11
1765,376135.2
1766,350638.2
1767,362851.03
1768,272099.1
1769,382789.8
1770,300822.56
1771,278312.66
1772,297596.12
1773,232662.6
1774,349447.22
1775,308750.2
1776,268670.9
1777,234496.33
1778,259993.36
1779,279169.7
1780,404001.62
1781,278098.38
1782,143517.6
1783,294382.22
1784,215414.6
1785,265028.5
1786,358755.03
1787,421463.88
1788,77405.63
1789,240174.25
1790,136339.86
1791,467517.4
1792,342817.66
1793,306393.34
1794,296858.72
1795,313356.8
1796,317320.62
1797,316356.47
1798,261064.66
1799,227961.38
1800,276277.2
1801,260623.61
1802,355137.66
1803,388455.2
1804,250351.62
1805,306929.0
1806,342603.4
1807,403239.2
1808,289454.22
1809,306380.8
1810,316451.06
1811,286334.9
1812,304559.6
1813,291811.06
1814,196345.39
1815,78798.33
1816,234389.2
1817,265873.0
1818,409988.4
1819,332961.66
1820,191524.53
1821,353530.7
1822,357923.03
1823,144053.25
1824,348388.44
1825,326735.56
1826,271884.84
1827,256136.67
1828,319022.2
1829,264385.72
1830,384384.25
1831,448674.97
1832,377515.38
1833,401739.34
1834,347852.78
1835,440104.56
1836,373456.94
1837,199666.44
1838,345281.66
1839,179525.92
1840,278098.38
1841,272956.12
1842,268670.9
1843,262243.1
1844,305750.56
1845,339591.22
1846,316892.12
1847,371408.94
1848,83940.586
1849,252267.44
1850,264492.84
1851,370564.4
1852,266206.9
1853,261921.7
1854,354078.88
1855,338318.2
1856,441711.5
1857,365516.75
1858,388228.4
1859,313987.06
1860,281205.16
1861,311630.2
1862,538985.9
1863,538985.9
1864,538985.9
1865,511264.2
1866,515549.38
1867,443116.72
1868,482754.97
1869,378611.72
1870,420190.84
1871,446330.66
1872,347317.12
1873,428855.88
1874,255601.02
1875,397145.28
1876,384812.75
1877,395109.8
1878,400252.06
1879,246709.19
1880,247459.11
1881,413000.56
1882,519822.06
1883,425213.44
1884,440747.34
1885,447937.6
1886,481683.66
1887,392217.28
1888,457472.2
1889,344531.75
1890,227198.94
1891,309821.5
1892,197952.34
1893,296096.28
1894,329306.7
1895,316665.3
1896,288597.16
1897,285383.25
1898,328033.66
1899,326962.38
1900,371969.66
1901,317415.22
1902,285918.9
1903,506096.84
1904,268670.9
1905,362208.25
1906,312701.5
1907,399168.22
1908,305536.28
1909,326640.97
1910,326640.97
1911,407310.12
1912,493776.88
1913,381800.56
1914,165384.72
1915,462400.2
1916,100010.14
1917,505680.88
1918,294180.47
1919,332854.53
1920,320414.88
1921,549402.56
1922,507086.1
1923,434628.38
1924,398859.38
1925,456174.1
1926,543189.0
1927,257529.36
1928,299952.97
1929,234817.72
1930,311856.97
1931,244138.06
1932,287418.72
1933,324378.72
1934,366814.84
1935,352459.38
1936,366814.84
1937,370243.03
1938,297810.38
1939,466042.62
1940,422976.22
1941,369921.62
1942,378063.53
1943,429082.66
1944,553675.25
1945,533118.75
1946,352887.9
1947,514478.1
1948,354387.75
1949,421249.62
1950,375397.8
1951,461530.62
1952,431319.88
1953,324712.62
1954,459388.03
1955,289668.47
1956,544663.8
1957,349674.0
1958,536534.44
1959,341519.56
1960,204380.17
1961,242102.6
1962,300715.44
1963,300715.44
1964,289025.7
1965,350959.56
1966,353436.1
1967,455329.6
1968,549818.56
1969,540189.4
1970,625679.4
1971,675614.7
1972,581006.06
1973,509537.56
1974,535677.4
1975,641332.94
1976,454579.7
1977,569637.7
1978,574030.06
1979,531190.44
1980,386860.75
1981,524119.8
1982,429618.3
1983,429618.3
1984,414607.53
1985,396288.25
1986,409251.0
1987,373898.0
1988,357280.25
1989,424677.78
1990,453174.47
1991,385896.6
1992,443104.22
1993,391895.9
1994,489170.25
1995,417285.78
1996,521429.03
1997,563972.3
1998,500752.88
1999,468065.56
2000,553782.4
2001,475778.97
2002,409465.28
2003,485218.97
2004,486611.66
2005,442259.7
2006,432832.22
2007,463685.75
2008,370898.34
2009,376670.84
2010,418571.34
2011,320855.94
2012,364899.03
2013,367350.5
2014,374956.75
2015,417928.56
2016,374635.38
2017,426499.0
2018,254958.23
2019,242102.6
2020,244887.98
2021,242102.6
2022,348174.2
2023,325342.88
2024,482408.5
2025,629750.4
2026,373790.88
2027,323534.2
2028,389539.03
2029,360922.7
2030,506764.7
2031,471625.94
2032,483303.16
2033,498087.12
2034,390824.6
2035,432069.78
2036,455758.12
2037,458007.84
2038,633083.94
2039,418583.88
2040,646676.94
2041,464864.2
2042,434533.78
2043,347852.78
2044,381384.6
2045,413964.75
2046,323628.78
2047,306380.8
2048,248637.55
2049,334663.22
2050,419321.25
2051,258172.14
2052,268885.2
2053,269313.7
2054,201166.27
2055,309808.97
2056,292775.25
2057,260529.02
2058,407952.9
2059,275527.25
2060,303809.7
2061,363172.44
2062,267813.88
2063,244030.94
2064,272956.12
2065,251315.8
2066,386741.1
2067,338519.9
2068,344947.72
2069,197202.44
2070,273706.03
2071,176097.77
2072,303381.16
2073,261386.05
2074,380968.6
2075,310785.7
2076,243388.16
2077,284097.7
2078,259564.84
2079,336389.84
2080,300394.03
2081,331890.38
2082,342376.6
2083,319664.97
2084,237924.5
2085,269206.56
2086,316356.47
2087,291275.44
2088,295239.25
2089,221533.56
2090,350959.56
2091,274871.94
2092,281514.03
2093,335948.78
2094,350436.44
2095,348816.97
2096,245852.16
2097,265242.75
2098,310130.38
2099,56836.61
2100,228793.36
2101,323843.06
2102,395752.6
2103,258493.53
2104,401298.3
2105,314522.72
2106,129578.125
2107,507703.8
2108,254958.23
2109,221199.64
2110,271991.97
2111,419107.0
2112,335734.53
2113,279169.7
2114,333175.94
2115,374099.72
2116,251208.67
2117,355351.9
2118,338746.72
2119,303500.8
2120,279812.47
2121,200094.95
2122,225806.25
2123,236103.3
2124,455638.47
2125,353303.9
2126,378813.47
2127,407524.4
2128,367350.5
2129,277253.88
2130,359530.0
2131,405917.44
2132,289668.47
2133,306393.34
2134,327390.88
2135,230853.9
2136,202653.56
2137,262457.34
2138,264707.1
2139,312392.62
2140,255815.28
2141,305750.56
2142,264492.84
2143,270170.75
2144,271670.56
2145,252387.11
2146,322248.62
2147,333913.3
2148,294167.94
2149,246387.8
2150,403680.22
2151,356007.22
2152,312165.84
2153,311201.66
2154,242102.6
2155,330926.2
2156,496442.6
2157,414607.53
2158,476100.34
2159,458638.1
2160,385682.34
2161,458864.9
2162,575113.9
2163,520477.38
2164,447723.34
2165,370992.94
2166,255601.02
2167,392324.4
2168,384705.62
2169,417392.9
2170,435712.22
2171,275313.0
2172,264814.22
2173,316451.06
2174,471922.28
2175,539868.0
2176,477184.2
2177,489705.9
2178,474827.3
2179,285824.3
2180,391883.38
2181,395216.94
2182,407965.44
2183,386217.97
2184,266528.3
2185,260207.62
2186,315713.7
2187,314642.38
2188,344746.0
2189,558779.94
2190,227520.33
2191,227520.33
2192,188096.36
2193,262350.22
2194,271349.2
2195,203737.39
2196,233091.11
2197,242518.58
2198,392967.2
2199,400668.06
2200,335961.3
2201,330390.53
2202,447830.47
2203,366707.72
2204,357160.6
2205,296739.06
2206,311856.97
2207,486504.53
2208,471922.28
2209,352875.38
2210,305536.28
2211,293430.56
2212,311749.84
2213,278098.38
2214,326949.84
2215,247244.84
2216,358981.8
2217,46325.3
2218,249910.58
2219,216485.9
2220,196666.78
2221,462400.2
2222,416750.12
2223,458102.47
2224,435390.8
2225,350090.0
2226,285049.34
2227,401216.22
2228,450508.72
2229,476541.4
2230,304023.94
2231,413107.72
2232,355137.66
2233,329533.5
2234,440117.1
2235,374421.12
2236,470970.62
2237,496253.4
2238,384396.78
2239,266528.3
2240,322355.75
2241,232662.6
2242,260957.53
2243,307559.25
2244,209950.95
2245,209950.95
2246,273813.2
2247,311964.12
2248,236960.33
2249,240067.11
2250,244780.84
2251,346233.3
2252,364993.66
2253,343246.2
2254,376456.6
2255,378599.2
2256,406787.0
2257,441270.47
2258,367577.3
2259,370885.8
2260,315820.8
2261,412156.06
2262,427368.56
2263,558067.6
2264,581755.94
2265,302095.6
2266,503979.3
2267,525178.56
2268,595481.2
2269,332533.16
2270,398859.38
2271,418678.47
2272,447175.16
2273,321070.2
2274,339925.12
2275,325676.8
2276,382254.16
2277,396061.44
2278,301881.34
2279,247459.11
2280,202023.31
2281,338211.06
2282,338211.06
2283,311964.12
2284,325462.53
2285,353436.1
2286,255386.75
2287,525833.9
2288,467328.2
2289,513180.0
2290,615823.4
2291,559031.8
2292,595909.7
2293,604681.9
2294,626750.7
2295,622049.5
2296,516393.9
2297,510823.12
2298,524334.06
2299,602526.7
2300,541355.25
2301,480612.38
2302,413321.97
2303,470220.72
2304,481683.66
2305,334461.5
2306,334461.5
2307,340889.3
2308,452329.94
2309,500229.75
2310,427689.97
2311,390931.72
2312,355244.78
2313,359530.0
2314,396609.62
2315,355137.66
2316,382027.38
2317,337032.62
2318,356101.8
2319,396395.38
2320,375183.56
2321,456079.5
2322,376040.6
2323,360292.44
2324,387610.7
2325,403787.38
2326,389753.28
2327,449103.5
2328,454138.62
2329,376028.06
2330,371100.06
2331,559138.94
2332,661032.44
2333,562459.94
2334,495919.47
2335,521750.4
2336,557746.2
2337,387075.03
2338,451044.38
2339,450187.34
2340,587339.25
2341,404108.75
2342,450615.84
2343,401751.88
2344,452210.28
2345,481897.94
2346,429189.78
2347,383432.6
2348,477826.97
2349,319664.97
2350,487254.44
2351,455543.84
2352,466364.03
2353,456697.22
2354,312821.16
2355,362863.56
2356,266742.56
2357,399609.28
2358,389955.0
2359,330604.78
2360,245316.5
2361,260957.53
2362,508560.84
2363,260636.14
2364,308000.28
2365,433475.0
2366,409156.4
2367,453508.38
2368,385253.8
2369,451901.44
2370,355780.44
2371,363493.8
2372,385896.6
2373,505252.34
2374,538891.25
2375,445902.12
2376,493455.47
2377,553353.9
2378,318391.94
2379,453269.06
2380,310892.8
2381,333711.56
2382,412893.44
2383,411179.34
2384,462709.06
2385,312071.25
2386,307678.9
2387,268135.28
2388,235233.72
2389,264599.97
2390,276705.7
2391,252815.62
2392,245316.5
2393,368970.0
2394,306607.6
2395,425736.56
2396,342174.88
2397,371957.12
2398,246816.33
2399,130019.17
2400,130447.695
2401,236103.3
2402,272741.88
2403,316665.3
2404,286668.8
2405,329319.22
2406,295251.78
2407,257529.36
2408,262350.22
2409,272099.1
2410,379349.12
2411,248316.16
2412,300702.9
2413,279812.47
2414,273170.4
2415,316665.3
2416,296537.34
2417,306393.34
2418,248637.55
2419,269086.9
2420,248637.55
2421,280549.84
2422,248530.4
2423,269515.44
2424,334663.22
2425,480146.25
2426,241340.14
2427,313879.94
2428,417285.78
2429,244673.72
2430,296965.88
2431,282169.34
2432,260957.53
2433,274884.47
2434,282597.88
2435,297060.47
2436,248637.55
2437,242102.6
2438,249815.97
2439,252387.11
2440,333818.72
2441,259029.19
2442,253137.02
2443,264385.72
2444,275313.0
2445,226341.89
2446,296726.53
2447,475684.38
2448,370885.8
2449,281526.56
2450,371742.84
2451,295025.0
2452,503311.47
2453,207808.34
2454,252160.31
2455,263100.12
2456,303274.03
2457,286026.03
2458,326962.38
2459,244245.2
2460,345924.44
2461,291168.28
2462,302309.84
2463,286775.94
2464,437520.9
2465,342389.12
2466,290525.5
2467,384396.78
2468,275205.88
2469,279598.22
2470,440734.8
2471,449532.03
2472,428521.94
2473,244982.58
2474,263087.62
2475,483278.1
2476,286883.1
2477,256565.19
2478,305095.25
2479,211772.17
2480,258814.92
2481,260957.53
2482,242531.11
2483,245637.89
2484,250565.89
2485,247244.84
2486,296846.2
2487,433865.94
2488,379897.28
2489,334140.1
2490,275527.25
2491,211022.25
2492,358030.16
2493,291489.7
2494,324164.44
2495,237162.06
2496,454447.5
2497,369171.72
2498,242102.6
2499,205130.08
2500,260743.27
2501,293310.9
2502,308094.88
2503,250017.7
2504,390169.28
2505,450174.8
2506,462721.6
2507,515108.34
2508,462721.6
2509,406037.1
2510,446544.9
2511,376469.12
2512,432712.56
2513,441068.72
2514,472577.6
2515,259029.19
2516,335104.28
2517,255601.02
2518,267063.97
2519,441068.72
2520,428213.1
2521,421463.88
2522,437747.7
2523,245316.5
2524,259350.58
2525,257636.48
2526,260957.53
2527,246709.19
2528,243709.55
2529,242102.6
2530,197845.22
2531,419642.66
2532,447389.4
2533,425641.97
2534,456400.9
2535,547140.3
2536,453817.25
2537,429511.2
2538,398537.97
2539,367898.7
2540,337461.12
2541,400144.94
2542,314094.2
2543,249815.97
2544,220663.98
2545,294275.06
2546,321284.47
2547,306821.84
2548,388764.06
2549,300381.5
2550,922550.1
2551,309821.5
2552,252387.11
2553,227520.33
2554,277562.75
2555,287645.53
2556,186382.27
2557,196666.78
2558,427223.84
2559,301881.34
2560,334032.97
2561,358042.7
2562,348816.97
2563,351495.22
2564,424463.53
2565,280883.78
2566,292119.94
2567,294703.6
2568,362101.12
2569,354387.75
2570,306929.0
2571,284085.16
2572,395122.34
2573,422106.66
2574,577886.75
2575,325141.16
2576,321057.66
2577,345376.25
2578,236960.33
2579,103759.7
2580,362838.5
2581,219057.03
2582,256779.45
2583,459936.2
2584,334140.1
2585,298667.4
2586,391360.25
2587,398752.25
2588,338759.22
2589,304893.5
2590,401216.22
2591,439127.84
2592,421356.75
2593,453401.25
2594,373255.22
2595,426404.4
2596,491753.9
2597,354709.12
2598,506739.62
2599,572126.75
2600,276573.5
2601,295251.78
2602,221092.52
2603,210379.47
2604,221092.52
2605,221092.52
2606,257529.36
2607,340246.53
2608,329092.44
2609,302952.62
2610,234817.72
2611,276371.78
2612,275741.53
2613,236960.33
2614,244566.6
2615,333497.3
2616,304679.25
2617,342055.22
2618,343888.97
2619,438711.84
2620,358351.56
2621,373992.6
2622,385241.28
2623,506966.44
2624,477385.9
2625,573708.6
2626,320213.16
2627,414834.3
2628,631035.94
2629,739892.9
2630,596218.56
2631,665758.7
2632,630714.5
2633,514906.6
2634,545545.9
2635,313035.4
2636,439354.66
2637,356435.75
2638,488741.75
2639,395847.2
2640,313142.56
2641,197738.1
2642,346995.75
2643,311964.12
2644,295774.9
2645,305322.03
2646,296537.34
2647,311964.12
2648,309500.12
2649,298131.78
2650,353436.1
2651,350959.56
2652,608645.7
2653,459186.28
2654,426820.38
2655,531404.7
2656,567614.75
2657,555294.75
2658,527214.06
2659,541783.8
2660,538462.75
2661,523262.78
2662,521977.22
2663,490896.88
2664,498944.2
2665,511906.97
2666,509764.34
2667,350959.56
2668,400252.06
2669,337032.62
2670,540069.7
2671,400252.06
2672,386539.38
2673,402287.53
2674,406251.38
2675,362756.44
2676,411607.88
2677,397347.0
2678,489170.25
2679,497538.97
2680,525178.56
2681,637142.4
2682,577886.75
2683,706241.44
2684,553032.5
2685,585707.25
2686,496253.4
2687,464757.06
2688,446973.44
2689,422761.97
2690,614109.3
2691,378813.47
2692,317320.62
2693,390396.06
2694,316142.2
2695,421035.34
2696,410215.2
2697,391776.22
2698,380420.4
2699,344746.0
2700,325355.4
2701,336389.84
2702,255386.75
2703,372171.38
2704,279276.8
2705,254958.23
2706,246923.45
2707,248637.55
2708,259243.45
2709,247244.84
2710,250351.62
2711,523880.5
2712,588599.75
2713,362863.56
2714,371434.0
2715,358244.44
2716,356114.34
2717,421892.4
2718,453829.78
2719,277348.47
2720,383325.47
2721,262135.97
2722,339162.7
2723,299537.0
2724,245745.02
2725,262135.97
2726,271777.7
2727,362636.78
2728,354387.75
2729,303809.7
2730,283240.66
2731,282396.12
2732,261278.92
2733,303059.75
2734,323521.66
2735,279812.47
2736,334663.22
2737,249815.97
2738,319236.44
2739,328462.2
2740,302965.16
2741,295667.78
2742,338103.9
2743,296310.56
2744,315392.28
2745,307464.62
2746,257529.36
2747,363708.06
2748,272206.22
2749,257207.97
2750,262671.62
2751,244245.2
2752,458852.38
2753,297810.38
2754,432366.1
2755,335532.78
2756,135054.3
2757,135268.56
2758,181240.02
2759,365850.7
2760,292655.6
2761,317749.16
2762,324284.1
2763,384919.88
2764,398109.44
2765,502668.7
2766,267051.44
2767,170085.92
2768,316236.8
2769,272741.88
2770,352364.78
2771,242102.6
2772,259350.58
2773,365302.5
2774,328235.4
2775,281621.16
2776,346674.34
2777,393395.72
2778,347972.44
2779,313117.5
2780,305536.28
2781,239959.98
2782,196666.78
2783,206081.73
2784,252387.11
2785,317308.1
2786,111378.49
2787,321605.84
2788,148659.86
2789,465815.84
2790,283240.66
2791,252387.11
2792,167943.31
2793,390704.94
2794,183155.83
2795,291382.56
2796,236960.33
2797,461303.84
2798,257302.56
2799,292025.34
2800,237281.72
2801,300394.03
2802,301881.34
2803,400775.2
2804,325235.75
2805,260100.48
2806,243709.55
2807,355364.44
2808,263528.66
2809,295037.53
2810,262993.0
2811,305738.03
2812,306393.34
2813,360267.38
2814,358339.03
2815,242959.62
2816,436462.12
2817,256672.31
2818,236317.55
2819,422535.2
2820,248732.14
2821,272741.88
2822,410202.66
2823,588360.44
2824,316665.3
2825,308951.94
2826,262778.75
2827,367350.5
2828,469124.34
2829,349245.47
2830,441390.12
2831,369827.03
2832,392740.4
2833,456186.62
2834,434212.38
2835,413321.97
2836,411393.62
2837,343674.7
2838,267385.34
2839,355566.16
2840,393074.3
2841,427784.56
2842,430998.47
2843,343674.7
2844,332318.88
2845,242102.6
2846,429177.25
2847,382991.53
2848,431332.4
2849,444925.4
2850,523035.97
2851,459923.66
2852,448139.34
2853,454138.62
2854,285824.3
2855,389324.75
2856,426499.0
2857,413000.56
2858,383539.72
2859,257945.36
2860,303393.7
2861,275527.25
2862,425106.3
2863,292894.9
2864,488313.22
2865,309821.5
2866,423499.34
2867,204380.17
2868,338318.2
2869,282906.72
2870,262873.34
2871,255588.48
2872,66585.47
2873,240483.11
2874,315701.16
2875,338532.44
2876,398859.38
2877,356744.6
2878,415678.84
2879,306487.94
2880,287525.88
2881,361029.8
2882,333484.78
2883,419428.4
2884,412786.3
2885,387919.53
2886,397548.75
2887,254101.19
2888,332640.28
2889,176097.77
2890,172776.72
2891,370457.28
2892,136768.39
2893,299095.94
2894,158944.38
2895,476327.16
2896,462185.94
2897,369064.6
2898,373242.7
2899,445580.72
2900,324605.5
2901,371742.84
2902,345281.66
2903,495824.88
2904,528190.75
2905,139207.33
2906,386967.9
2907,289239.94
2908,243173.89
2909,326521.3
2910,171598.28
2911,221092.52
2912,295239.25
2913,221092.52
2914,221092.52
2915,221092.52
2916,221092.52
2917,280669.53
2918,253458.4
2919,454674.28
